2562748
5026362
6743055
7535543
7535547
7535549
8533457
8533470
10106537
16335765
16335779
18695138
19269432
25128302
26077575
26077591
31660240
42972893
43994072
44083325
44982644
47180590
49106441
49327463
49327468
50530248
52396599
53948037
53948039
54750364
57436627
64084465
64084466
68170927
68556724
69020732
76775727
87761745
88794857
92221803
92221805
101669463
102989605
103198518
122329704
122330436
127618134
133150276
137172635
145273260
146527190
148342618
148342705
148635887
149021093
149021114
154509317
154509320
155958369
155988192
158478940
158478975
158479068
162130205
168045431
168045448
168218838
173435914
175619399
179777344
179777375
181351671
181351708
191637854
193706743
196728076
197124017
197132628
197271936
197272437
197272854
201703028
201704105
201708172
207001521
211310484
217789277
218631428
227052902
232490651
237093485
237093496
237194195
237934796
237934923
238223549
242385420
242385504
242462892
242549577
242878991
242879210
248117322
249771527
253844240
255691299
260056458
279214135
279214156
295512582
295911261
299293083
302533741
312506589
314453326
316996741
317488189
322617846
324627650
324627676
324656317
324656553
324827094
324827512
327225531
338139019
338915404
345466477
347913899
351954859
357812479
366842408
368935253
385772384
386301885
390183117
394125881
399626468
402958308
407026517
408635531
408994956
411273162
411834333
412948253
413070282
415993553
417831971
427020471
429656470
429710663
431349707
443707328